
====================================================================================================
D11 - D.1.1 Economia aggregata - gross output (Operating revenue / SBS Turnover), sezioni comuni
====================================================================================================
valore calcolato [valore pubblicato dagli autori]
paese          DE          EE          ES          FR          GB          IT          PL
anno                                                                                     
2005   0.60[0.94]  0.95[0.98]  0.85[0.77]  0.80[0.80]  0.70[0.68]  0.75[0.71]  0.55[0.58]
2006   0.60[0.86]  0.95[0.98]  0.85[0.80]  0.80[0.80]  0.70[0.70]  0.75[0.75]  0.55[0.65]
2007   0.60[0.87]  0.95[0.98]  0.85[0.78]  0.80[0.82]  0.70[0.68]  0.75[0.76]  0.55[0.65]
2008   0.60[0.69]  0.95[0.97]  0.85[0.83]  0.80[0.79]  0.70[0.68]  0.75[0.89]  0.55[0.55]
2009   0.60[0.67]  0.95[0.96]  0.85[0.88]  0.80[0.76]  0.70[0.79]  0.75[0.86]  0.55[0.66]
2010   0.60[0.67]  0.95[0.92]  0.85[0.83]  0.80[0.80]  0.70[0.71]  0.75[0.81]  0.55[0.64]
2019         0.60        0.95        0.85        0.80                    0.75        0.55
2020         0.60        0.95        0.85        0.80                    0.75        0.55
2021         0.60        0.95        0.85        0.80                    0.75        0.55
2022         0.60        0.95        0.85        0.80                    0.75        0.55
2023         0.60        0.95        0.85        0.80                    0.75        0.55
Media  0.60[0.78]  0.95[0.96]  0.85[0.82]  0.80[0.79]  0.70[0.71]  0.75[0.80]  0.55[0.62]

====================================================================================================
D21 - D.2.1 Manifattura - gross output, campione Totale
====================================================================================================
valore calcolato [valore pubblicato dagli autori]
paese          DE          EE          ES          FR          GB          IT          PL
anno                                                                                     
2005   0.60[0.90]  0.95[0.95]  0.85[0.78]  0.80[0.82]  0.70[0.70]  0.75[0.77]  0.55[0.67]
2006   0.60[0.73]  0.95[0.94]  0.85[0.83]  0.80[0.84]  0.70[0.71]  0.75[0.79]  0.55[0.70]
2007   0.60[0.77]  0.95[0.96]  0.85[0.81]  0.80[0.87]  0.70[0.69]  0.75[0.79]  0.55[0.69]
2008   0.60[0.64]  0.95[0.95]  0.85[0.85]  0.80[0.90]  0.70[0.67]  0.75[0.90]  0.55[0.60]
2009   0.60[0.60]  0.95[0.92]  0.85[0.87]  0.80[0.89]  0.70[0.81]  0.75[0.86]  0.55[0.74]
2010   0.60[0.60]  0.95[0.92]  0.85[0.90]  0.80[0.92]  0.70[0.84]  0.75[0.87]  0.55[0.69]
2019         0.60        0.95        0.85        0.80                    0.75        0.55
2020         0.60        0.95        0.85        0.80                    0.75        0.55
2021         0.60        0.95        0.85        0.80                    0.75        0.55
2022         0.60        0.95        0.85        0.80                    0.75        0.55
2023         0.60        0.95        0.85        0.80                    0.75        0.55
Media  0.60[0.71]  0.95[0.94]  0.85[0.84]  0.80[0.87]  0.70[0.74]  0.75[0.83]  0.55[0.68]

====================================================================================================
D22 - D.2.2 Manifattura - gross output, campione TFP
====================================================================================================
valore calcolato [valore pubblicato dagli autori]
paese          DE          EE          ES          FR          GB          IT          PL
anno                                                                                     
2005   0.36[0.42]  0.57[0.56]  0.51[0.77]  0.48[0.76]        0.42  0.45[0.76]  0.33[0.42]
2006   0.36[0.39]  0.57[0.56]  0.51[0.77]  0.48[0.80]        0.42  0.45[0.78]  0.33[0.44]
2007   0.36[0.42]  0.57[0.56]  0.51[0.77]  0.48[0.81]        0.42  0.45[0.78]  0.33[0.44]
2008   0.36[0.34]  0.57[0.55]  0.51[0.72]  0.48[0.85]  0.42[0.21]  0.45[0.88]  0.33[0.42]
2009   0.36[0.33]  0.57[0.58]  0.51[0.75]  0.48[0.76]  0.42[0.29]  0.45[0.84]  0.33[0.53]
2010   0.36[0.37]  0.57[0.59]  0.51[0.74]  0.48[0.83]  0.42[0.27]  0.45[0.84]  0.33[0.47]
2019         0.36        0.57        0.51        0.48                    0.45        0.33
2020         0.36        0.57        0.51        0.48                    0.45        0.33
2021         0.36        0.57        0.51        0.48                    0.45        0.33
2022         0.36        0.57        0.51        0.48                    0.45        0.33
2023         0.36        0.57        0.51        0.48                    0.45        0.33
Media  0.36[0.38]  0.57[0.57]  0.51[0.75]  0.48[0.80]  0.42[0.26]  0.45[0.81]  0.33[0.45]

====================================================================================================
D23 - D.2.3 Manifattura - occupazione (Number of employees / SBS Persons employed), campione Totale
====================================================================================================
valore calcolato [valore pubblicato dagli autori]
paese          DE          EE          ES          FR          GB          IT          PL
anno                                                                                     
2005   0.55[0.58]  0.90[0.86]  0.80[0.69]  0.60[0.63]  0.62[0.55]  0.65[0.43]  0.50[0.51]
2006   0.55[0.65]        0.90  0.80[0.70]  0.60[0.62]  0.62[0.56]  0.65[0.52]  0.50[0.51]
2007   0.55[0.74]        0.90  0.80[0.69]  0.60[0.67]  0.62[0.58]  0.65[0.53]  0.50[0.49]
2008   0.55[0.74]        0.90  0.80[0.78]      [0.73]  0.62[0.63]  0.65[0.63]  0.50[0.52]
2009   0.55[0.73]  0.90[0.74]  0.80[0.79]      [0.45]  0.62[0.58]  0.65[0.58]        0.50
2010   0.55[0.66]  0.90[0.86]  0.80[0.84]  0.60[0.49]  0.62[0.61]  0.65[0.58]  0.50[0.82]
2019         0.55        0.90        0.80        0.60                    0.65        0.50
2020         0.55        0.90        0.80        0.60                    0.65        0.50
2021         0.55        0.90        0.80        0.60                    0.65        0.50
2022         0.55        0.90        0.80        0.60                    0.65        0.50
2023         0.55        0.90        0.80        0.60                    0.65        0.50
Media  0.55[0.68]  0.90[0.82]  0.80[0.75]  0.60[0.60]  0.62[0.58]  0.65[0.55]  0.50[0.57]

====================================================================================================
D24 - D.2.4 Manifattura - occupazione (Number of employees / SBS Persons employed), campione TFP
====================================================================================================
valore calcolato [valore pubblicato dagli autori]
paese          DE          EE          ES          FR          GB          IT          PL
anno                                                                                     
2005   0.33[0.19]  0.54[0.61]  0.48[0.67]  0.36[0.61]        0.37  0.39[0.43]  0.30[0.28]
2006   0.33[0.24]        0.54  0.48[0.68]  0.36[0.60]        0.37  0.39[0.52]  0.30[0.30]
2007   0.33[0.25]        0.54  0.48[0.67]  0.36[0.64]        0.37  0.39[0.53]  0.30[0.29]
2008   0.33[0.24]        0.54  0.48[0.67]      [0.69]  0.37[0.16]  0.39[0.60]  0.30[0.32]
2009   0.33[0.24]  0.54[0.46]  0.48[0.71]      [0.43]  0.37[0.16]  0.39[0.56]  0.30[0.30]
2010   0.33[0.24]  0.54[0.55]  0.48[0.70]  0.36[0.47]  0.37[0.16]  0.39[0.57]  0.30[0.19]
2019         0.33        0.54        0.48        0.36                    0.39        0.30
2020         0.33        0.54        0.48        0.36                    0.39        0.30
2021         0.33        0.54        0.48        0.36                    0.39        0.30
2022         0.33        0.54        0.48        0.36                    0.39        0.30
2023         0.33        0.54        0.48        0.36                    0.39        0.30
Media  0.33[0.23]  0.54[0.54]  0.48[0.68]  0.36[0.57]  0.37[0.16]  0.39[0.54]  0.30[0.28]

====================================================================================================
D31 - D.3.1 Numero di imprese Orbis / imprese attive BD (tutte le classi meno 0 dipendenti)
====================================================================================================
valore calcolato [valore pubblicato dagli autori]
paese          DE          EE          ES          FR    GB          IT          PL
anno                                                                               
2005         0.40        0.75        0.45        0.70  0.66        0.50        0.20
2006         0.40        0.75        0.45        0.70  0.66        0.50        0.20
2007         0.40  0.75[0.73]        0.45        0.70  0.66        0.50  0.20[0.16]
2008   0.40[0.67]        0.75  0.45[0.43]        0.70  0.66  0.50[0.60]        0.20
2009         0.40        0.75        0.45  0.70[0.83]  0.66        0.50        0.20
2010         0.40        0.75        0.45        0.70  0.66        0.50        0.20
2019         0.40        0.75        0.45        0.70              0.50        0.20
2020         0.40        0.75        0.45        0.70              0.50        0.20
2021         0.40        0.75        0.45        0.70              0.50        0.20
2022         0.40        0.75        0.45        0.70              0.50        0.20
2023         0.40        0.75        0.45        0.70              0.50        0.20
Media  0.40[0.67]  0.75[0.73]  0.45[0.43]  0.70[0.83]  0.66  0.50[0.60]  0.20[0.16]

====================================================================================================
CP_tot - Extra - Costi del personale, economia aggregata (sezioni comuni)
====================================================================================================
paese    DE    EE    ES    FR    GB    IT    PL
anno                                           
2005   0.58  0.93  0.83  0.77  0.68  0.72  0.52
2006   0.58  0.93  0.83  0.77  0.68  0.72  0.52
2007   0.58  0.93  0.83  0.77  0.68  0.72  0.52
2008   0.58  0.93  0.83  0.77  0.68  0.72  0.52
2009   0.58  0.93  0.83  0.77  0.68  0.72  0.52
2010   0.58  0.93  0.83  0.77  0.68  0.72  0.52
2019   0.58  0.93  0.83  0.77        0.72  0.52
2020   0.58  0.93  0.83  0.77        0.72  0.52
2021   0.58  0.93  0.83  0.77        0.72  0.52
2022   0.58  0.93  0.83  0.77        0.72  0.52
2023   0.58  0.93  0.83  0.77        0.72  0.52
Media  0.58  0.93  0.83  0.77  0.68  0.72  0.52

====================================================================================================
CP_C - Extra - Costi del personale, manifattura
====================================================================================================
paese    DE    EE    ES    FR    GB    IT    PL
anno                                           
2005   0.58  0.93  0.83  0.77  0.68  0.72  0.52
2006   0.58  0.93  0.83  0.77  0.68  0.72  0.52
2007   0.58  0.93  0.83  0.77  0.68  0.72  0.52
2008   0.58  0.93  0.83  0.77  0.68  0.72  0.52
2009   0.58  0.93  0.83  0.77  0.68  0.72  0.52
2010   0.58  0.93  0.83  0.77  0.68  0.72  0.52
2019   0.58  0.93  0.83  0.77        0.72  0.52
2020   0.58  0.93  0.83  0.77        0.72  0.52
2021   0.58  0.93  0.83  0.77        0.72  0.52
2022   0.58  0.93  0.83  0.77        0.72  0.52
2023   0.58  0.93  0.83  0.77        0.72  0.52
Media  0.58  0.93  0.83  0.77  0.68  0.72  0.52

====================================================================================================
D25 - Distribuzione dimensionale manifattura (quote), Orbis 1-19 vs Eurostat 0-19
====================================================================================================

-- gross_output
paese                                         DE          EE          ES          FR          GB          IT          PL
anno fonte_dati   classe_armonizzata                                                                                    
2006 Eurostat-SBS 0-19                0.06[0.06]  0.12[0.12]  0.14[0.13]  0.10[0.09]  0.09[0.08]  0.21[0.20]  0.10[0.09]
                  20-249              0.22[0.22]  0.60[0.60]  0.38[0.38]  0.27[0.27]  0.29[0.29]  0.41[0.41]  0.28[0.28]
                  250+                0.72[0.72]  0.28[0.28]  0.49[0.49]  0.63[0.63]  0.62[0.63]  0.38[0.38]  0.62[0.62]
     Orbis        0-19                0.06[0.06]  0.12[0.15]  0.14[0.13]  0.10[0.05]  0.09[0.03]  0.21[0.12]  0.10[0.02]
                  20-249              0.22[0.23]  0.60[0.67]  0.38[0.40]  0.27[0.23]  0.29[0.23]  0.41[0.49]  0.28[0.32]
                  250+                0.72[0.70]  0.28[0.18]  0.49[0.47]  0.63[0.72]  0.62[0.74]  0.38[0.40]  0.62[0.67]

-- occupazione
paese                                         DE          EE          ES          FR          GB          IT          PL
anno fonte_dati   classe_armonizzata                                                                                    
2006 Eurostat-SBS 0-19                0.15[0.15]  0.17[0.17]  0.31[0.31]  0.20[0.19]  0.19[0.19]  0.41[0.40]  0.22[0.21]
                  20-249              0.32[0.32]  0.53[0.53]  0.43[0.43]  0.34[0.34]  0.38[0.38]  0.37[0.38]  0.38[0.38]
                  250+                0.53[0.53]  0.30[0.30]  0.26[0.26]  0.46[0.47]  0.44[0.43]  0.22[0.22]  0.40[0.41]
     Orbis        0-19                0.15[0.05]  0.17[0.15]  0.31[0.25]  0.20[0.10]  0.19[0.01]  0.41[0.13]  0.22[0.03]
                  20-249              0.32[0.32]  0.53[0.58]  0.43[0.49]  0.34[0.34]  0.38[0.35]  0.37[0.55]  0.38[0.40]
                  250+                0.53[0.63]  0.30[0.27]  0.26[0.26]  0.46[0.56]  0.44[0.64]  0.22[0.32]  0.40[0.57]
